json_parse:<function MarkPrice.json_parse at 0x00000248E9914550>
lastFundingRate:0.00048936
markPrice:1109.92863861
nextFundingTime:1662595200000
symbol:FOOTBALLUSDT
time:1662589214001
