json_parse:<function MarkPrice.json_parse at 0x7f9b003da430>
lastFundingRate:0.00123018
markPrice:1126.00436584
nextFundingTime:1662076800000
symbol:FOOTBALLUSDT
time:1662062674000
